Start Time (Seconds),End Time (Seconds),Duration (Seconds),Component,Energy Consumption (Joule)
0,20.245,20.245,screen bright,16.30001881
0,20.245,20.245,wifi running,0.243421831
0,20.245,20.245,phone_scanning,9.450313363
0.0,23.740259,23.740259,core 0 cpu_idle start,0.316160899233
23.740259,24.253809,0.51355,core 0 cpu_idle,0.006839202125
24.253809,24.253839,2.99999992421e-05,core 0 cpu_frequency,1.97821945003e-05
24.253839,24.353632,0.0997929999976,core 0 cpu_idle,0.00132899327747
24.353632,24.353662,3.00000028801e-05,core 0 cpu_frequency,1.97821968992e-05
24.353662,24.403619,0.0499569999993,core 0 cpu_idle,0.00066530234749
24.403619,24.40365,3.09999995807e-05,core 0 cpu_frequency,2.04416012235e-05
24.40365,24.456812,0.0531620000002,core 0 cpu_idle,0.000707984935002
24.456812,24.456873,6.09999988228e-05,core 0 cpu_frequency,4.02237957238e-05
24.456873,24.503839,0.0469660000017,core 0 cpu_idle,0.000625469705023
24.503839,24.5039,6.09999988228e-05,core 0 cpu_frequency,2.14929225852e-05
24.5039,24.604333,0.100433,core 0 cpu_idle,0.00133751647749
24.604333,24.604364,3.09999995807e-05,core 0 cpu_frequency,1.56998102876e-05
24.604364,24.70379,0.0994260000007,core 0 cpu_idle,0.00132410575501
24.70379,24.703821,3.09999995807e-05,core 0 cpu_frequency,2.04416012235e-05
24.703821,24.753778,0.0499569999993,core 0 cpu_idle,0.00066530234749
24.753778,24.7539,0.000122000001284,core 0 cpu_frequency,5.51481485802e-05
24.7539,24.804193,0.0502930000002,core 0 cpu_idle,0.000669777027503
24.804193,24.804254,6.09999988228e-05,core 0 cpu_frequency,3.08931749038e-05
24.804254,24.903864,0.0996100000011,core 0 cpu_idle,0.00132655617501
24.903864,24.903925,6.09999988228e-05,core 0 cpu_frequency,4.02237957238e-05
24.903925,24.953699,0.0497740000028,core 0 cpu_idle,0.000662865245037
24.953699,24.953821,0.000121999997646,core 0 cpu_frequency,8.04475914475e-05
24.953821,25.011102,0.0572810000012,core 0 cpu_idle,0.000762839717517
25.011102,25.045282,0.0341799999987,core 0 cpu_frequency,0.0311741595289
25.045282,25.453729,0.408447000002,core 0 cpu_idle,0.00543949292252
25.453729,25.45379,6.09999988228e-05,core 0 cpu_frequency,4.02237957238e-05
25.45379,25.506799,0.0530089999993,core 0 cpu_idle,0.000705947357491
25.506799,25.506891,9.20000020415e-05,core 0 cpu_frequency,3.24155567193e-05
25.506891,25.607385,0.100493999998,core 0 cpu_idle,0.00133832884498
25.607385,25.610803,0.00341800000024,core 0 cpu_frequency,0.00225385141716
25.610803,25.704828,0.0940250000021,core 0 cpu_idle,0.00125217793753
25.704828,25.70495,0.000121999997646,core 0 cpu_frequency,8.04475914475e-05
25.70495,25.753625,0.0486750000018,core 0 cpu_idle,0.000648229312524
25.753625,25.753656,3.09999995807e-05,core 0 cpu_frequency,2.04416012235e-05
25.753656,25.854333,0.100676999999,core 0 cpu_idle,0.00134076594748
25.854333,25.854395,6.19999991613e-05,core 0 cpu_frequency,4.0883202447e-05
25.854395,25.903619,0.0492240000021,core 0 cpu_idle,0.000655540620029
25.903619,25.90365,3.09999995807e-05,core 0 cpu_frequency,2.04416012235e-05
25.90365,26.003839,0.100189000001,core 0 cpu_idle,0.00133426700751
26.003839,26.005182,0.00134299999991,core 0 cpu_frequency,0.00122489456541
26.005182,26.657068,0.651886,core 0 cpu_idle,0.008681491805
26.657068,26.657129,6.09999988228e-05,core 0 cpu_frequency,4.02237957238e-05
26.657129,26.856439,0.19931,core 0 cpu_idle,0.002654310925
26.856439,26.8565,6.10000024608e-05,core 0 cpu_frequency,4.02237981227e-05
26.8565,26.953821,0.0973209999975,core 0 cpu_idle,0.00129607241747
26.953821,26.954187,0.000366000000213,core 0 cpu_frequency,0.000151239618088
26.954187,27.00387,0.0496830000011,core 0 cpu_idle,0.000661653352515
27.00387,27.003931,6.09999988228e-05,core 0 cpu_frequency,2.14929225852e-05
27.003931,27.105798,0.101867000001,core 0 cpu_idle,0.00135661377252
27.105798,27.135797,0.0299989999985,core 0 cpu_frequency,0.0151928585537
27.135797,27.203912,0.0681150000019,core 0 cpu_idle,0.000907121512525
27.203912,27.228632,0.0247199999976,core 0 cpu_frequency,0.0163005286784
27.228632,27.256677,0.0280450000027,core 0 cpu_idle,0.000373489287537
27.256677,27.257593,0.000915999997233,core 0 cpu_frequency,0.000835445583476
27.257593,27.456384,0.198791000003,core 0 cpu_idle,0.00264739914253
27.456384,27.456445,6.09999988228e-05,core 0 cpu_frequency,4.02237957238e-05
27.456445,27.503656,0.047211000001,core 0 cpu_idle,0.000628732492513
27.503656,27.503687,3.09999995807e-05,core 0 cpu_frequency,2.04416012235e-05
27.503687,27.553949,0.0502620000007,core 0 cpu_idle,0.000669364185009
27.553949,27.55401,6.09999988228e-05,core 0 cpu_frequency,4.02237957238e-05
27.55401,27.80639,0.252380000002,core 0 cpu_idle,0.00336107065002
27.80639,27.84826,0.0418699999973,core 0 cpu_frequency,0.0381878893925
27.84826,28.056848,0.208588000001,core 0 cpu_idle,0.00277787069002
28.056848,28.056879,3.09999995807e-05,core 0 cpu_frequency,2.04416012235e-05
28.056879,28.103723,0.0468440000004,core 0 cpu_idle,0.000623844970006
28.103723,28.103815,9.19999984035e-05,core 0 cpu_frequency,3.24155554375e-05
28.103815,28.203943,0.100128000002,core 0 cpu_idle,0.00133345464002
28.203943,28.204004,6.09999988228e-05,core 0 cpu_frequency,3.08931749038e-05
28.204004,28.303735,0.0997310000021,core 0 cpu_idle,0.00132816759253
28.303735,28.303918,0.000183000000106,core 0 cpu_frequency,0.00012067138957
28.303918,28.353632,0.049713999997,core 0 cpu_idle,0.000662066194961
28.353632,28.353693,6.10000024608e-05,core 0 cpu_frequency,4.02237981227e-05
28.353693,28.403741,0.050048000001,core 0 cpu_idle,0.000666514240013
28.403741,28.442194,0.0384529999974,core 0 cpu_frequency,0.0177624789298
28.442194,28.456628,0.0144340000006,core 0 cpu_idle,0.000192224795008
28.456628,28.456781,0.000153000000864,core 0 cpu_frequency,0.000139544951288
28.456781,28.853723,0.396941999999,core 0 cpu_idle,0.00528627508499
28.853723,28.853754,3.09999995807e-05,core 0 cpu_frequency,2.04416012235e-05
28.853754,28.903619,0.0498650000009,core 0 cpu_idle,0.000664077137512
28.903619,28.90368,6.09999988228e-05,core 0 cpu_frequency,4.02237957238e-05
28.90368,28.953699,0.0500190000021,core 0 cpu_idle,0.000666128032528
28.953699,28.95376,6.09999988228e-05,core 0 cpu_frequency,2.14929225852e-05
28.95376,29.004968,0.0512080000008,core 0 cpu_idle,0.00068196254001
29.004968,29.040033,0.035065,core 0 cpu_frequency,0.0177585114575
29.040033,29.056726,0.0166929999978,core 0 cpu_idle,0.00022230902747
29.056726,29.056787,6.10000024608e-05,core 0 cpu_frequency,5.56355707444e-05
29.056787,29.457086,0.400298999997,core 0 cpu_idle,0.00533098193246
29.457086,29.457117,3.10000032187e-05,core 0 cpu_frequency,1.5015673059e-05
29.457117,29.503778,0.0466609999967,core 0 cpu_idle,0.000621407867456
29.503778,29.503839,6.10000024608e-05,core 0 cpu_frequency,4.02237981227e-05
29.503839,29.553949,0.0501100000001,core 0 cpu_idle,0.000667339925002
29.553949,29.563074,0.00912500000049,core 0 cpu_frequency,0.00462131518775
29.563074,29.604242,0.0411679999997,core 0 cpu_idle,0.000548254839997
29.604242,29.631097,0.0268550000001,core 0 cpu_frequency,0.0177083615575
29.631097,29.656641,0.0255440000001,core 0 cpu_idle,0.000340182220001
29.656641,29.656671,2.99999992421e-05,core 0 cpu_frequency,2.73617543088e-05
29.656671,29.853723,0.197052,core 0 cpu_idle,0.00262424000999
29.853723,29.894983,0.0412600000018,core 0 cpu_frequency,0.0328903058514
29.894983,29.903864,0.00888099999793,core 0 cpu_idle,0.000118272717472
29.903864,29.912134,0.00827000000208,core 0 cpu_frequency,0.0075427237969
29.912134,30.053705,0.141570999996,core 0 cpu_idle,0.00188537179245
30.053705,30.053735,3.00000028801e-05,core 0 cpu_frequency,2.39144272959e-05
30.053735,30.10708,0.0533450000003,core 0 cpu_idle,0.000710422037504
30.10708,30.107141,6.09999988228e-05,core 0 cpu_frequency,4.02237957238e-05
30.107141,30.303644,0.196502999999,core 0 cpu_idle,0.00261692870249
30.303644,30.303674,2.99999992421e-05,core 0 cpu_frequency,1.97821945003e-05
30.303674,30.353998,0.0503239999998,core 0 cpu_idle,0.000670189869998
30.353998,30.354944,0.000946000000113,core 0 cpu_frequency,0.000623798549074
30.354944,30.603815,0.248871,core 0 cpu_idle,0.0033143395425
30.603815,30.60705,0.00323500000013,core 0 cpu_frequency,0.00146232999006
30.60705,30.653802,0.046752000002,core 0 cpu_idle,0.000622619760027
30.653802,30.653894,9.19999984035e-05,core 0 cpu_frequency,6.06653969472e-05
30.653894,30.803644,0.14975,core 0 cpu_idle,0.00199429562501
30.803644,30.805231,0.00158699999884,core 0 cpu_frequency,0.00104647811473
30.805231,31.006464,0.201233000003,core 0 cpu_idle,0.00267992047755
31.006464,31.007532,0.00106799999776,core 0 cpu_frequency,0.000704246140522
31.007532,31.058466,0.050933999999,core 0 cpu_idle,0.000678313544986
31.058466,31.058527,6.10000024608e-05,core 0 cpu_frequency,4.02237981227e-05
31.058527,31.157098,0.0985709999986,core 0 cpu_idle,0.00131271929248
31.157098,31.165063,0.00796500000069,core 0 cpu_frequency,0.00726454595313
31.165063,31.253839,0.0887760000005,core 0 cpu_idle,0.00118227438001
31.253839,31.2539,6.09999988228e-05,core 0 cpu_frequency,4.86259965616e-05
31.2539,31.304102,0.0502020000022,core 0 cpu_idle,0.000668565135029
31.304102,31.304163,6.09999988228e-05,core 0 cpu_frequency,4.02237957238e-05
31.304163,31.403619,0.0994559999999,core 0 cpu_idle,0.00132450528
31.403619,31.40368,6.09999988228e-05,core 0 cpu_frequency,4.02237957238e-05
31.40368,31.453638,0.0499579999996,core 0 cpu_idle,0.000665315664995
31.453638,31.453668,3.00000028801e-05,core 0 cpu_frequency,1.97821968992e-05
31.453668,31.503625,0.0499569999993,core 0 cpu_idle,0.00066530234749
31.503625,31.503687,6.19999991613e-05,core 0 cpu_frequency,4.0883202447e-05
31.503687,31.553613,0.0499259999997,core 0 cpu_idle,0.000664889504996
31.553613,31.553644,3.09999995807e-05,core 0 cpu_frequency,2.04416012235e-05
31.553644,31.604303,0.0506590000005,core 0 cpu_idle,0.000674651232506
31.604303,31.604883,0.0005799999999,core 0 cpu_frequency,0.000382455769934
31.604883,32.003625,0.398742000001,core 0 cpu_idle,0.00531024658502
32.003625,32.004419,0.000793999999587,core 0 cpu_frequency,0.000523568760728
32.004419,32.207849,0.203429999998,core 0 cpu_idle,0.00270917902497
32.207849,32.210321,0.00247200000013,core 0 cpu_frequency,0.00225460861211
32.210321,33.253717,1.043396,core 0 cpu_idle,0.01389542623
33.253717,33.253778,6.09999988228e-05,core 0 cpu_frequency,4.86259965616e-05
33.253778,33.303705,0.049927,core 0 cpu_idle,0.0006649028225
33.303705,33.303766,6.10000024608e-05,core 0 cpu_frequency,4.02237981227e-05
33.303766,33.453638,0.149871999998,core 0 cpu_idle,0.00199592035998
33.453638,33.454156,0.000518000000739,core 0 cpu_frequency,0.000341572567487
33.454156,33.503625,0.0494690000014,core 0 cpu_idle,0.000658803407519
33.503625,33.503656,3.09999995807e-05,core 0 cpu_frequency,2.04416012235e-05
33.503656,33.753717,0.250060999999,core 0 cpu_idle,0.00333018736748
33.753717,33.759851,0.00613399999929,core 0 cpu_frequency,0.00404479947053
33.759851,34.003656,0.243805000002,core 0 cpu_idle,0.00324687308753
34.003656,34.003687,3.09999995807e-05,core 0 cpu_frequency,2.04416012235e-05
34.003687,34.053613,0.0499259999997,core 0 cpu_idle,0.000664889504996
34.053613,34.057397,0.00378400000045,core 0 cpu_frequency,0.0024951941963
34.057397,34.15838,0.100983,core 0 cpu_idle,0.0013448411025
34.15838,34.161249,0.00286899999992,core 0 cpu_frequency,0.00261669583643
34.161249,35.45376,1.292511,core 0 cpu_idle,0.0172130152425
35.45376,35.455377,0.00161699999808,core 0 cpu_frequency,0.00106626030923
35.455377,35.503625,0.0482480000028,core 0 cpu_idle,0.000642542740037
35.503625,35.506525,0.0028999999995,core 0 cpu_frequency,0.00191227884967
35.506525,35.703729,0.197204,core 0 cpu_idle,0.00262626427
35.703729,35.70376,3.09999995807e-05,core 0 cpu_frequency,2.04416012235e-05
35.70376,36.053796,0.350036,core 0 cpu_idle,0.00466160443
36.053796,36.055261,0.00146500000119,core 0 cpu_frequency,0.00133616570359
36.055261,38.253992,2.198731,core 0 cpu_idle,0.0292816000925
38.253992,38.254266,0.000273999998171,core 0 cpu_frequency,0.000218418413542
38.254266,38.403802,0.149536000001,core 0 cpu_idle,0.00199144568001
38.403802,38.403864,6.19999991613e-05,core 0 cpu_frequency,4.0883202447e-05
38.403864,38.857141,0.453277000001,core 0 cpu_idle,0.00603651644751
38.857141,38.857172,3.09999995807e-05,core 0 cpu_frequency,2.82738131175e-05
0.0,23.737878,23.737878,core 1 cpu_idle start,0.316129190265
23.737878,24.456812,0.718934,core 1 cpu_idle,0.00957440354501
24.456812,24.456873,6.09999988228e-05,core 1 cpu_frequency,2.95469659298e-05
24.456873,24.503778,0.0469049999992,core 1 cpu_idle,0.00062465733749
24.503778,24.503839,6.10000024608e-05,core 1 cpu_frequency,4.02237981227e-05
24.503839,24.553674,0.049834999998,core 1 cpu_idle,0.000663677612473
24.553674,24.553735,6.10000024608e-05,core 1 cpu_frequency,4.02237981227e-05
24.553735,24.704095,0.15036,core 1 cpu_idle,0.0020024193
24.704095,24.704156,6.09999988228e-05,core 1 cpu_frequency,4.02237957238e-05
24.704156,24.753656,0.049500000001,core 1 cpu_idle,0.000659216250013
24.753656,24.753778,0.000121999997646,core 1 cpu_frequency,8.04475914475e-05
24.753778,24.957422,0.203644000001,core 1 cpu_idle,0.00271202897001
24.957422,24.991541,0.0341189999999,core 1 cpu_frequency,0.012021590817
24.991541,25.011377,0.0198359999995,core 1 cpu_idle,0.000264165929993
25.011377,25.027185,0.0158080000001,core 1 cpu_frequency,0.0144178207681
25.027185,25.456812,0.429627000001,core 1 cpu_idle,0.00572155757252
25.456812,25.456873,6.09999988228e-05,core 1 cpu_frequency,4.02237957238e-05
25.456873,25.503687,0.0468140000012,core 1 cpu_idle,0.000623445445016
25.503687,25.503778,9.09999980649e-05,core 1 cpu_frequency,3.20632123182e-05
25.503778,25.607233,0.103455,core 1 cpu_idle,0.00137776196251
25.607233,25.60943,0.00219700000162,core 1 cpu_frequency,0.00200379252597
25.60943,26.653711,1.044281,core 1 cpu_idle,0.0139072122175
26.653711,26.653741,3.00000028801e-05,core 1 cpu_frequency,1.97821968992e-05
26.653741,26.759088,0.105346999997,core 1 cpu_idle,0.00140295867246
26.759088,26.766046,0.00695800000176,core 1 cpu_frequency,0.0063461030446
26.766046,26.856348,0.0903020000005,core 1 cpu_idle,0.00120259688501
26.856348,26.856409,6.09999988228e-05,core 1 cpu_frequency,4.02237957238e-05
26.856409,26.903711,0.047301999999,core 1 cpu_idle,0.000629944384987
26.903711,26.903772,6.10000024608e-05,core 1 cpu_frequency,4.02237981227e-05
26.903772,26.953668,0.0498960000004,core 1 cpu_idle,0.000664489980006
26.953668,26.953699,3.09999995807e-05,core 1 cpu_frequency,2.04416012235e-05
26.953699,27.003839,0.0501399999994,core 1 cpu_idle,0.000667739449992
27.003839,27.0039,6.09999988228e-05,core 1 cpu_frequency,2.95469659298e-05
27.0039,27.05462,0.0507199999993,core 1 cpu_idle,0.00067546359999
27.05462,27.054712,9.20000020415e-05,core 1 cpu_frequency,3.24155567193e-05
27.054712,27.108423,0.0537110000005,core 1 cpu_idle,0.000715296242506
27.108423,27.115045,0.00662199999715,core 1 cpu_frequency,0.00335368209956
27.115045,27.153864,0.0388190000012,core 1 cpu_idle,0.000516972032517
27.153864,27.154535,0.000671000001603,core 1 cpu_frequency,0.000442461762557
27.154535,27.303644,0.149108999998,core 1 cpu_idle,0.00198575910748
27.303644,27.303705,6.09999988228e-05,core 1 cpu_frequency,4.02237957238e-05
27.303705,27.356897,0.053192000003,core 1 cpu_idle,0.00070838446004
27.356897,27.356927,2.99999992421e-05,core 1 cpu_frequency,1.97821945003e-05
27.356927,27.403619,0.0466919999999,core 1 cpu_idle,0.000621820709999
27.403619,27.403772,0.000153000000864,core 1 cpu_frequency,0.00010088919507
27.403772,27.563776,0.160003999998,core 1 cpu_idle,0.00213085326997
27.563776,27.563837,6.10000024608e-05,core 1 cpu_frequency,4.02237981227e-05
27.563837,27.753717,0.189879999998,core 1 cpu_idle,0.00252872689997
27.753717,27.76394,0.0102230000011,core 1 cpu_frequency,0.00674111265025
27.76394,27.853876,0.0899360000003,core 1 cpu_idle,0.00119772268
27.853876,27.875574,0.0216980000005,core 1 cpu_frequency,0.0197898453334
27.875574,28.053705,0.178130999997,core 1 cpu_idle,0.00237225959246
28.053705,28.053766,6.10000024608e-05,core 1 cpu_frequency,4.02237981227e-05
28.053766,28.153955,0.100189000001,core 1 cpu_idle,0.00133426700751
28.153955,28.154047,9.19999984035e-05,core 1 cpu_frequency,3.24155554375e-05
28.154047,28.204065,0.0500180000017,core 1 cpu_idle,0.000666114715023
28.204065,28.206506,0.00244099999691,core 1 cpu_frequency,0.00123623346393
28.206506,28.253778,0.0472719999998,core 1 cpu_idle,0.000629544859997
28.253778,28.253809,3.10000032187e-05,core 1 cpu_frequency,2.04416036224e-05
28.253809,28.303735,0.0499259999997,core 1 cpu_idle,0.000664889504996
28.303735,28.303796,6.09999988228e-05,core 1 cpu_frequency,4.02237957238e-05
28.303796,28.353632,0.0498359999983,core 1 cpu_idle,0.000663690929978
28.353632,28.353754,0.000122000001284,core 1 cpu_frequency,8.04475938464e-05
28.353754,28.403864,0.0501100000001,core 1 cpu_idle,0.000667339925002
28.403864,28.403986,0.000122000001284,core 1 cpu_frequency,5.51481485802e-05
28.403986,28.45379,0.0498039999984,core 1 cpu_idle,0.000663264769979
28.45379,28.454492,0.000702000001183,core 1 cpu_frequency,0.000355524741599
28.454492,28.554407,0.0999149999989,core 1 cpu_idle,0.00133061801248
28.554407,28.554529,0.000122000001284,core 1 cpu_frequency,8.04475938464e-05
28.554529,28.603632,0.0491029999976,core 1 cpu_idle,0.000653929202467
28.603632,28.604181,0.000549000000319,core 1 cpu_frequency,0.00036201416871
28.604181,28.764551,0.160370000001,core 1 cpu_idle,0.00213572747502
28.764551,28.764612,6.09999988228e-05,core 1 cpu_frequency,4.02237957238e-05
28.764612,28.815271,0.0506590000005,core 1 cpu_idle,0.000674651232506
28.815271,28.815332,6.10000024608e-05,core 1 cpu_frequency,4.02237981227e-05
28.815332,28.856378,0.0410459999985,core 1 cpu_idle,0.000546630104979
28.856378,28.856409,3.09999995807e-05,core 1 cpu_frequency,2.04416012235e-05
28.856409,28.90365,0.0472410000002,core 1 cpu_idle,0.000629132017503
28.90365,28.90368,2.99999992421e-05,core 1 cpu_frequency,1.97821945003e-05
28.90368,28.954645,0.0509650000022,core 1 cpu_idle,0.000678726387529
28.954645,28.954736,9.09999980649e-05,core 1 cpu_frequency,3.20632123182e-05
28.954736,29.004785,0.0500490000013,core 1 cpu_idle,0.000666527557517
29.004785,29.007288,0.00250299999971,core 1 cpu_frequency,0.00126763308635
29.007288,29.056512,0.0492239999985,core 1 cpu_idle,0.00065554061998
29.056512,29.056634,0.000122000001284,core 1 cpu_frequency,0.000111271138171
29.056634,29.253931,0.197296999999,core 1 cpu_idle,0.00262750279748
29.253931,29.253961,2.99999992421e-05,core 1 cpu_frequency,2.39144243959e-05
29.253961,29.303705,0.0497439999999,core 1 cpu_idle,0.000662465719999
29.303705,29.303735,3.00000028801e-05,core 1 cpu_frequency,1.97821968992e-05
29.303735,29.353632,0.0498969999971,core 1 cpu_idle,0.000664503297462
29.353632,29.353662,3.00000028801e-05,core 1 cpu_frequency,1.97821968992e-05
29.353662,29.403619,0.0499569999993,core 1 cpu_idle,0.00066530234749
29.403619,29.40365,3.09999995807e-05,core 1 cpu_frequency,2.04416012235e-05
29.40365,29.504449,0.100799,core 1 cpu_idle,0.0013423906825
29.504449,29.507104,0.00265500000023,core 1 cpu_frequency,0.0012001502701
29.507104,29.553674,0.0465699999986,core 1 cpu_idle,0.000620195974981
29.553674,29.563074,0.00940000000264,core 1 cpu_frequency,0.00331202420093
29.563074,29.603845,0.0407709999999,core 1 cpu_idle,0.000542967792499
29.603845,29.642328,0.0384830000003,core 1 cpu_frequency,0.0194895421766
29.642328,29.656427,0.014099,core 1 cpu_idle,0.0001877634325
29.656427,29.656457,2.99999992421e-05,core 1 cpu_frequency,2.73617543088e-05
29.656457,30.053796,0.397338999999,core 1 cpu_idle,0.00529156213249
30.053796,30.053827,3.09999995807e-05,core 1 cpu_frequency,2.04416012235e-05
30.053827,30.113641,0.0598140000002,core 1 cpu_idle,0.000796572945002
30.113641,30.113672,3.09999995807e-05,core 1 cpu_frequency,2.04416012235e-05
30.113672,30.153772,0.040100000002,core 1 cpu_idle,0.000534031750026
30.153772,30.153833,6.09999988228e-05,core 1 cpu_frequency,4.02237957238e-05
30.153833,30.205286,0.051453,core 1 cpu_idle,0.000685225327501
30.205286,30.205499,0.000212999999349,core 1 cpu_frequency,0.00014045358407
30.205499,30.363672,0.158173,core 1 cpu_idle,0.0021064689275
30.363672,30.363702,2.99999992421e-05,core 1 cpu_frequency,1.97821945003e-05
30.363702,30.40426,0.0405580000006,core 1 cpu_idle,0.000540131165008
30.40426,30.407465,0.00320500000089,core 1 cpu_frequency,0.00211339783309
30.407465,30.563776,0.156310999999,core 1 cpu_idle,0.00208167174248
30.563776,30.563837,6.10000024608e-05,core 1 cpu_frequency,4.02237981227e-05
30.563837,30.603662,0.0398249999998,core 1 cpu_idle,0.000530369437498
30.603662,30.611414,0.00775199999771,core 1 cpu_frequency,0.00511171918649
30.611414,30.803705,0.192290999999,core 1 cpu_idle,0.00256083539249
30.803705,30.803766,6.10000024608e-05,core 1 cpu_frequency,2.1492923867e-05
30.803766,30.853967,0.0502009999982,core 1 cpu_idle,0.000668551817476
30.853967,30.854303,0.000336000000971,core 1 cpu_frequency,0.000170165688492
30.854303,30.906488,0.0521850000005,core 1 cpu_idle,0.000694973737506
30.906488,30.906854,0.000366000000213,core 1 cpu_frequency,0.000333813411194
30.906854,31.058466,0.151611999998,core 1 cpu_idle,0.00201909280997
31.058466,31.058496,3.00000028801e-05,core 1 cpu_frequency,1.97821968992e-05
31.058496,31.156915,0.0984189999981,core 1 cpu_idle,0.00131069503247
31.156915,31.156946,3.09999995807e-05,core 1 cpu_frequency,2.82738131175e-05
31.156946,31.657098,0.500152000001,core 1 cpu_idle,0.00666077426001
31.657098,31.657129,3.09999995807e-05,core 1 cpu_frequency,2.04416012235e-05
31.657129,31.809137,0.152008000001,core 1 cpu_idle,0.00202436654001
31.809137,31.815149,0.00601200000165,core 1 cpu_frequency,0.00211828611658
31.815149,31.867151,0.0520019999967,core 1 cpu_idle,0.000692536634956
31.867151,31.867212,6.10000024608e-05,core 1 cpu_frequency,5.56355707444e-05
31.867212,32.057581,0.190369,core 1 cpu_idle,0.0025352391575
32.057581,32.058679,0.00109800000064,core 1 cpu_frequency,0.000724028337421
32.058679,32.253809,0.19513,core 1 cpu_idle,0.002598643775
32.253809,32.284235,0.0304259999975,core 1 cpu_frequency,0.0277502919187
32.284235,32.453729,0.169494000002,core 1 cpu_idle,0.00225723634502
32.453729,32.45379,6.09999988228e-05,core 1 cpu_frequency,4.02237957238e-05
32.45379,32.654901,0.201111000002,core 1 cpu_idle,0.00267829574253
32.654901,32.656946,0.00204499999745,core 1 cpu_frequency,0.00186515963018
32.656946,33.253809,0.596863000002,core 1 cpu_idle,0.00794872300253
33.253809,33.253839,2.99999992421e-05,core 1 cpu_frequency,1.97821945003e-05
33.253839,33.303705,0.0498659999976,core 1 cpu_idle,0.000664090454968
33.303705,33.303766,6.10000024608e-05,core 1 cpu_frequency,4.02237981227e-05
33.303766,33.353845,0.0500790000006,core 1 cpu_idle,0.000666927082507
33.353845,33.353967,0.000121999997646,core 1 cpu_frequency,0.000111271134853
33.353967,33.853906,0.499939000001,core 1 cpu_idle,0.00665793763252
33.853906,33.853937,3.09999995807e-05,core 1 cpu_frequency,2.04416012235e-05
33.853937,33.903741,0.049804000002,core 1 cpu_idle,0.000663264770027
33.903741,33.903772,3.09999995807e-05,core 1 cpu_frequency,2.04416012235e-05
33.903772,34.253625,0.349853,core 1 cpu_idle,0.0046591673275
34.253625,34.253656,3.09999995807e-05,core 1 cpu_frequency,2.04416012235e-05
34.253656,34.303674,0.0500179999981,core 1 cpu_idle,0.000666114714975
34.303674,34.303705,3.09999995807e-05,core 1 cpu_frequency,2.04416012235e-05
34.303705,34.40368,0.099975000001,core 1 cpu_idle,0.00133141706251
34.40368,34.403711,3.09999995807e-05,core 1 cpu_frequency,2.04416012235e-05
34.403711,34.803644,0.399933000001,core 1 cpu_idle,0.00532610772751
34.803644,34.803674,2.99999992421e-05,core 1 cpu_frequency,1.97821945003e-05
34.803674,34.953821,0.150147,core 1 cpu_idle,0.0019995826725
34.953821,34.954492,0.000671000001603,core 1 cpu_frequency,0.000611991254962
34.954492,35.053735,0.0992430000006,core 1 cpu_idle,0.00132166865251
35.053735,35.053918,0.000183000000106,core 1 cpu_frequency,0.00012067138957
35.053918,35.203851,0.149932999997,core 1 cpu_idle,0.00199673272746
35.203851,35.203882,3.10000032187e-05,core 1 cpu_frequency,2.82738164356e-05
35.203882,38.263727,3.059845,core 1 cpu_idle,0.0407494857875
38.263727,38.263788,6.09999988228e-05,core 1 cpu_frequency,4.86259965616e-05
38.263788,38.303766,0.0399780000007,core 1 cpu_idle,0.000532407015009
38.303766,38.303796,2.99999992421e-05,core 1 cpu_frequency,2.73617543088e-05
38.303796,38.453729,0.149933000001,core 1 cpu_idle,0.00199673272751
38.453729,38.45376,3.09999995807e-05,core 1 cpu_frequency,2.04416012235e-05
38.45376,38.854028,0.400268000001,core 1 cpu_idle,0.00533056909002
38.854028,38.854242,0.000213999999687,core 1 cpu_frequency,0.000195180518715
0.0,23.765863,23.765863,core 2 cpu_idle start,0.316501880503
23.765863,24.253717,0.487853999999,core 2 cpu_idle,0.00649699564499
24.253717,24.253748,3.09999995807e-05,core 2 cpu_frequency,2.47115721657e-05
24.253748,24.313715,0.0599670000011,core 2 cpu_idle,0.000798610522514
24.313715,24.313776,6.09999988228e-05,core 2 cpu_frequency,4.02237957238e-05
24.313776,24.353693,0.0399170000019,core 2 cpu_idle,0.000531594647525
24.353693,24.353723,2.99999992421e-05,core 2 cpu_frequency,1.97821945003e-05
24.353723,24.403619,0.0498960000004,core 2 cpu_idle,0.000664489980006
24.403619,24.403711,9.19999984035e-05,core 2 cpu_frequency,6.06653969472e-05
24.403711,26.759271,2.35556,core 2 cpu_idle,0.0313701703
26.759271,26.771631,0.0123600000006,core 2 cpu_frequency,0.0112730430606
26.771631,26.853723,0.0820920000006,core 2 cpu_idle,0.00109326021001
26.853723,26.853754,3.09999995807e-05,core 2 cpu_frequency,2.04416012235e-05
26.853754,26.903711,0.0499569999993,core 2 cpu_idle,0.00066530234749
26.903711,26.903802,9.10000017029e-05,core 2 cpu_frequency,3.20632136e-05
26.903802,27.204065,0.300263000001,core 2 cpu_idle,0.00399875250251
27.204065,27.215173,0.0111079999988,core 2 cpu_frequency,0.0073246874012
27.215173,27.256433,0.0412599999981,core 2 cpu_idle,0.000549480049975
27.256433,27.257837,0.00140400000237,core 2 cpu_frequency,0.00128053013616
27.257837,27.45376,0.195922999999,core 2 cpu_idle,0.00260920455249
27.45376,27.453821,6.09999988228e-05,core 2 cpu_frequency,4.02237957238e-05
27.453821,27.908929,0.455108000002,core 2 cpu_idle,0.00606090079003
27.908929,27.909204,0.00027499999851,core 2 cpu_frequency,0.000250816086141
27.909204,28.053827,0.144623,core 2 cpu_idle,0.0019260168025
28.053827,28.053857,2.99999992421e-05,core 2 cpu_frequency,1.97821945003e-05
28.053857,28.153772,0.0999150000025,core 2 cpu_idle,0.00133061801253
28.153772,28.153833,6.09999988228e-05,core 2 cpu_frequency,2.81775464562e-05
28.153833,28.203821,0.0499879999988,core 2 cpu_idle,0.000665715189985
28.203821,28.211267,0.00744599999962,core 2 cpu_frequency,0.00377099319281
28.211267,28.353784,0.142517,core 2 cpu_idle,0.0018979701475
28.353784,28.353815,3.09999995807e-05,core 2 cpu_frequency,2.04416012235e-05
28.353815,28.403894,0.0500790000006,core 2 cpu_idle,0.000666927082507
28.403894,28.404291,0.000396999999793,core 2 cpu_frequency,0.000139880170927
28.404291,28.456903,0.0526119999995,core 2 cpu_idle,0.000700660309993
28.456903,28.70141,0.244507000003,core 2 cpu_frequency,0.223004687662
28.70141,28.856348,0.154938,core 2 cpu_idle,0.002063386815
28.856348,28.8565,0.000152000000526,core 2 cpu_frequency,0.000100229788347
28.8565,28.903619,0.0471189999989,core 2 cpu_idle,0.000627507282486
28.903619,28.90368,6.09999988228e-05,core 2 cpu_frequency,4.02237957238e-05
28.90368,29.15365,0.249970000001,core 2 cpu_idle,0.00332897547501
29.15365,29.153711,6.09999988228e-05,core 2 cpu_frequency,4.02237957238e-05
29.153711,29.203638,0.049927,core 2 cpu_idle,0.0006649028225
29.203638,29.214349,0.0107110000026,core 2 cpu_frequency,0.00706290302323
29.214349,29.303613,0.0892639999984,core 2 cpu_idle,0.00118877331998
29.303613,29.303644,3.09999995807e-05,core 2 cpu_frequency,2.04416012235e-05
29.303644,29.353662,0.0500180000017,core 2 cpu_idle,0.000666114715023
29.353662,29.353693,3.09999995807e-05,core 2 cpu_frequency,2.04416012235e-05
29.353693,29.403619,0.0499259999997,core 2 cpu_idle,0.000664889504996
29.403619,29.40365,3.09999995807e-05,core 2 cpu_frequency,2.04416012235e-05
29.40365,29.453638,0.0499879999988,core 2 cpu_idle,0.000665715189985
29.453638,29.453668,3.00000028801e-05,core 2 cpu_frequency,1.97821968992e-05
29.453668,29.703638,0.249969999997,core 2 cpu_idle,0.00332897547496
29.703638,29.703668,3.00000028801e-05,core 2 cpu_frequency,1.97821968992e-05
29.703668,29.753656,0.0499879999988,core 2 cpu_idle,0.000665715189985
29.753656,29.753717,6.09999988228e-05,core 2 cpu_frequency,4.02237957238e-05
29.753717,29.803613,0.0498960000004,core 2 cpu_idle,0.000664489980006
29.803613,29.805444,0.0018310000014,core 2 cpu_frequency,0.00120737330242
29.805444,29.953729,0.148284999999,core 2 cpu_idle,0.00197478548749
29.953729,29.95376,3.09999995807e-05,core 2 cpu_frequency,2.04416012235e-05
29.95376,30.003656,0.0498960000004,core 2 cpu_idle,0.000664489980006
30.003656,30.003687,3.09999995807e-05,core 2 cpu_frequency,2.04416012235e-05
30.003687,30.053705,0.0500179999981,core 2 cpu_idle,0.000666114714975
30.053705,30.053735,3.00000028801e-05,core 2 cpu_frequency,1.97821968992e-05
30.053735,30.113641,0.0599059999986,core 2 cpu_idle,0.000797798154981
30.113641,30.113672,3.09999995807e-05,core 2 cpu_frequency,2.04416012235e-05
30.113672,32.704004,2.590332,core 2 cpu_idle,0.03449674641
32.704004,32.7315,0.0274960000024,core 2 cpu_frequency,0.0250779605182
32.7315,33.853754,1.122254,core 2 cpu_idle,0.014945617645
33.853754,33.854059,0.00030500000139,core 2 cpu_frequency,0.000243129988608
33.854059,33.903741,0.0496820000008,core 2 cpu_idle,0.00066164003501
33.903741,33.903802,6.09999988228e-05,core 2 cpu_frequency,4.02237957238e-05
33.903802,34.003625,0.0998230000005,core 2 cpu_idle,0.00132939280251
34.003625,34.004633,0.00100799999927,core 2 cpu_frequency,0.000664681751521
34.004633,34.053644,0.0490109999992,core 2 cpu_idle,0.000652703992489
34.053644,34.053857,0.000212999999349,core 2 cpu_frequency,0.00014045358407
34.053857,34.303613,0.249756000001,core 2 cpu_idle,0.00332612553001
34.303613,34.303674,6.09999988228e-05,core 2 cpu_frequency,4.02237957238e-05
34.303674,34.353632,0.0499579999996,core 2 cpu_idle,0.000665315664995
34.353632,34.353662,3.00000028801e-05,core 2 cpu_frequency,1.97821968992e-05
34.353662,34.753839,0.400177,core 2 cpu_idle,0.00532935719749
34.753839,34.75387,3.09999995807e-05,core 2 cpu_frequency,2.82738131175e-05
34.75387,35.253778,0.499907999998,core 2 cpu_idle,0.00665752478997
35.253778,35.254114,0.000336000000971,core 2 cpu_frequency,0.000267841560774
35.254114,35.303705,0.0495909999991,core 2 cpu_idle,0.000660428142487
35.303705,35.304468,0.000763000000006,core 2 cpu_frequency,0.000503127159504
35.304468,35.353632,0.049164,core 2 cpu_idle,0.00065474157
35.353632,35.353967,0.000335000000632,core 2 cpu_frequency,0.000220901177917
35.353967,35.40365,0.0496830000011,core 2 cpu_idle,0.000661653352515
35.40365,35.404413,0.000763000000006,core 2 cpu_frequency,0.000503127159504
35.404413,35.453638,0.0492249999988,core 2 cpu_idle,0.000655553937485
35.453638,35.45675,0.00311200000215,core 2 cpu_frequency,0.00205207302942
35.45675,35.503625,0.046875,core 2 cpu_idle,0.0006242578125
35.503625,35.503687,6.19999991613e-05,core 2 cpu_frequency,4.0883202447e-05
35.503687,35.603845,0.100158000001,core 2 cpu_idle,0.00133385416501
35.603845,35.603876,3.09999995807e-05,core 2 cpu_frequency,2.82738131175e-05
35.603876,37.653741,2.049865,core 2 cpu_idle,0.0272990771375
37.653741,37.653772,3.09999995807e-05,core 2 cpu_frequency,2.47115721657e-05
37.653772,37.753839,0.100066999999,core 2 cpu_idle,0.00133264227249
37.753839,37.754541,0.000701999997545,core 2 cpu_frequency,0.000640265064761
37.754541,37.853723,0.0991820000017,core 2 cpu_idle,0.00132085628502
37.853723,37.856897,0.00317400000131,core 2 cpu_frequency,0.00253014616604
37.856897,38.00387,0.146972999999,core 2 cpu_idle,0.00195731292749
38.00387,38.003961,9.09999980649e-05,core 2 cpu_frequency,6.0005990224e-05
38.003961,38.053644,0.0496830000011,core 2 cpu_idle,0.000661653352515
38.053644,38.053705,6.09999988228e-05,core 2 cpu_frequency,4.02237957238e-05
38.053705,38.103632,0.049927,core 2 cpu_idle,0.0006649028225
38.103632,38.104211,0.000579000003199,core 2 cpu_frequency,0.00038179636561
38.104211,38.203668,0.0994570000003,core 2 cpu_idle,0.0013245185975
38.203668,38.204248,0.0005799999999,core 2 cpu_frequency,0.000382455769934
38.204248,38.853845,0.649597,core 2 cpu_idle,0.0086510080475
38.853845,38.857477,0.00363199999993,core 2 cpu_frequency,0.00331259647193
0.0,23.935815,23.935815,core 3 cpu_idle start,0.318765216263
23.935815,24.20376,0.267945,core 3 cpu_idle,0.00356835753749
24.20376,24.20379,2.99999992421e-05,core 3 cpu_frequency,1.97821945003e-05
24.20379,24.313715,0.109925000001,core 3 cpu_idle,0.00146392618751
24.313715,24.313745,2.99999992421e-05,core 3 cpu_frequency,1.97821945003e-05
24.313745,26.803613,2.489868,core 3 cpu_idle,0.03315881709
26.803613,26.803644,3.09999995807e-05,core 3 cpu_frequency,2.04416012235e-05
26.803644,26.856378,0.0527340000008,core 3 cpu_idle,0.00070228504501
26.856378,26.856439,6.09999988228e-05,core 3 cpu_frequency,4.02237957238e-05
26.856439,26.953668,0.0972290000027,core 3 cpu_idle,0.00129484720754
26.953668,26.953851,0.000182999996468,core 3 cpu_frequency,0.000120671387171
26.953851,27.003748,0.0498970000008,core 3 cpu_idle,0.00066450329751
27.003748,27.003809,6.10000024608e-05,core 3 cpu_frequency,2.75740751124e-05
27.003809,27.903955,0.900146,core 3 cpu_idle,0.011987694355
27.903955,27.904016,6.09999988228e-05,core 3 cpu_frequency,4.02237957238e-05
27.904016,27.953638,0.0496219999986,core 3 cpu_idle,0.000660840984982
27.953638,27.953668,3.00000028801e-05,core 3 cpu_frequency,1.97821968992e-05
27.953668,28.003625,0.0499569999993,core 3 cpu_idle,0.00066530234749
28.003625,28.003748,0.000122999997984,core 3 cpu_frequency,8.11069981707e-05
28.003748,28.056848,0.053100000001,core 3 cpu_idle,0.000707159250013
28.056848,28.056909,6.09999988228e-05,core 3 cpu_frequency,4.02237957238e-05
28.056909,28.156885,0.0999760000013,core 3 cpu_idle,0.00133143038002
28.156885,28.157678,0.000792999999248,core 3 cpu_frequency,0.000279407998735
28.157678,33.603998,5.44632,core 3 cpu_idle,0.0725313666
33.603998,33.60415,0.000152000000526,core 3 cpu_frequency,0.000100229788347
33.60415,33.65365,0.049500000001,core 3 cpu_idle,0.000659216250013
33.65365,33.65368,2.99999992421e-05,core 3 cpu_frequency,1.97821945003e-05
33.65368,33.703851,0.050170999999,core 3 cpu_idle,0.000668152292486
33.703851,33.703882,3.10000032187e-05,core 3 cpu_frequency,2.82738164356e-05
33.703882,35.153741,1.449859,core 3 cpu_idle,0.0193084972325
35.153741,35.156183,0.00244199999725,core 3 cpu_frequency,0.00161027067118
35.156183,35.203638,0.0474549999999,core 3 cpu_idle,0.000631981962499
35.203638,35.203699,6.10000024608e-05,core 3 cpu_frequency,4.02237981227e-05
35.203699,35.303888,0.100188999997,core 3 cpu_idle,0.00133426700746
35.303888,35.303918,3.00000028801e-05,core 3 cpu_frequency,2.73617576268e-05
35.303918,36.003717,0.699798999998,core 3 cpu_idle,0.00931957318248
36.003717,36.003748,3.09999995807e-05,core 3 cpu_frequency,2.04416012235e-05
36.003748,36.103876,0.100128000002,core 3 cpu_idle,0.00133345464002
36.103876,36.103906,2.99999992421e-05,core 3 cpu_frequency,2.73617543088e-05
36.103906,36.553857,0.449950999999,core 3 cpu_idle,0.00599222244248
36.553857,36.553918,6.10000024608e-05,core 3 cpu_frequency,4.02237981227e-05
36.553918,36.754358,0.200440000001,core 3 cpu_idle,0.00266935970001
36.754358,36.75625,0.00189199999659,core 3 cpu_frequency,0.00172561467889
36.75625,38.45495,1.6987,core 3 cpu_idle,0.02262243725
38.45495,38.455011,6.10000024608e-05,core 3 cpu_frequency,4.02237981227e-05
38.455011,38.705804,0.250792999999,core 3 cpu_idle,0.00333993577749
38.705804,38.705865,6.09999988228e-05,core 3 cpu_frequency,5.56355674263e-05
