App,Package,Start Time,Duration,Filename
"System",,"Oct 19, 2018 @ 07:13:15 PM","17 sec","Trepn_2018.10.19_191314.db"

Time  [ms],"Battery Status",Time  [ms],"Screen Brightness",Time  [ms],"Battery Power* [uW] (Raw)","Battery Power* [uW] (Delta)",Time  [ms],"GPU Frequency [KHz]",Time  [ms],"GPU Load [%]",Time  [ms],"CPU1 Frequency [kHz]",Time  [ms],"CPU2 Frequency [kHz]",Time  [ms],"CPU3 Frequency [kHz]",Time  [ms],"CPU4 Frequency [kHz]",Time  [ms],"CPU1 Load [%]",Time  [ms],"CPU2 Load [%]",Time  [ms],"CPU3 Load [%]",Time  [ms],"CPU4 Load [%]",
14,3,7,255,13,1839451,617143,16,320000,21,0,51,1512000,54,1512000,3,0,11,0,53,100,1,92,5,0,12,0,
72,3,70,255,72,2309466,1087158,73,320000,73,0,150,1512000,152,1512000,56,1512000,70,1026000,151,100,56,100,58,41,72,37,
161,3,157,255,161,2536932,1314624,162,320000,163,0,250,1512000,252,1512000,154,1512000,158,1026000,252,100,154,100,156,62,161,60,
258,3,256,255,258,2366153,1143845,258,320000,259,0,351,1512000,353,1512000,254,1512000,256,1512000,352,100,254,81,256,33,258,55,
358,3,356,255,358,2085701,863393,359,320000,359,0,453,1512000,455,1512000,354,1512000,356,1512000,454,100,354,37,356,55,358,36,
460,3,459,255,460,2024139,801831,460,320000,461,0,503,1512000,505,1512000,456,1512000,459,0,504,100,456,75,458,44,459,0,
510,3,509,255,510,1791569,569261,511,320000,511,0,603,1512000,605,1512000,507,1512000,510,0,605,100,506,60,509,25,510,0,
610,3,609,255,610,1688964,466656,611,320000,611,0,705,1512000,707,1512000,607,1512000,610,0,706,100,606,25,609,45,610,0,
712,3,711,255,712,1661603,439295,712,320000,713,0,805,1512000,807,1512000,708,1512000,711,0,807,100,708,30,710,36,711,0,
817,3,810,255,817,1360631,138323,818,320000,820,0,905,1512000,908,1512000,809,0,812,0,907,90,808,22,809,0,813,0,
915,3,913,255,914,1764208,541900,915,320000,916,0,1006,1512000,1008,1512000,909,1512000,914,0,1007,87,909,77,913,14,914,0,
1014,3,1013,255,1013,2188305,965997,1014,320000,1015,0,1106,1512000,1109,1512000,1011,1512000,1013,0,1108,90,1010,80,1012,76,1013,0,
1118,3,1115,255,1117,2626084,1403776,1119,320000,1120,0,1207,1512000,1209,1512000,1111,1512000,1115,1512000,1208,66,1110,70,1112,100,1117,47,
1214,3,1212,255,1214,1661204,438896,1215,320000,1215,0,1307,1512000,1310,1512000,1211,1026000,1213,1026000,1309,44,1210,44,1212,60,1214,45,
1316,3,1313,255,1316,1515316,293008,1317,320000,1317,0,1408,1512000,1410,1512000,1311,1026000,1315,1026000,1409,10,1311,50,1313,55,1316,40,
1416,3,1414,255,1416,728520,0,1417,320000,1417,0,1509,1026000,1515,1026000,1412,1026000,1414,1026000,1515,11,1411,10,1413,0,1416,18,
1525,3,1522,255,1524,639090,0,1526,320000,1527,0,1609,1026000,1612,1026000,1518,1026000,1523,0,1611,50,1518,10,1521,10,1524,0,
1620,3,1618,255,1620,1025392,0,1621,320000,1621,0,1710,1026000,1712,1026000,1615,1026000,1619,0,1712,37,1615,37,1617,50,1619,0,
1719,3,1717,255,1718,879618,0,1719,320000,1720,0,1810,702000,1813,486000,1715,1026000,1718,0,1813,27,1714,30,1716,30,1718,0,
1822,3,1820,255,1822,640714,0,1823,320000,1825,0,1911,1026000,1914,1026000,1816,384000,1821,0,1914,33,1815,30,1819,27,1821,0,
1924,3,1919,255,1921,897264,0,1925,200000,1926,15,2011,1026000,2013,1026000,1917,384000,1920,0,2012,40,1916,60,1918,37,1920,0,
2016,3,2015,255,2016,1303429,81121,2017,128000,2017,15,2112,1026000,2115,1026000,2014,1512000,2016,0,2114,12,2014,22,2015,55,2016,0,
2122,3,2121,255,2122,781293,0,2123,128000,2124,15,2212,918000,2215,702000,2117,0,2121,0,2214,44,2116,33,2120,0,2122,0,
2221,3,2219,255,2221,819319,0,2222,128000,2223,15,2313,1026000,2316,1026000,2217,0,2219,0,2315,40,2217,33,2218,0,2220,0,
2322,3,2320,255,2321,923423,0,2322,128000,2323,15,2414,384000,2421,702000,2319,0,2321,0,2419,25,2318,44,2320,0,2321,0,
2439,3,2431,255,2434,722653,0,2443,128000,2447,15,2514,1026000,2517,1026000,2427,0,2432,0,2516,57,2426,41,2429,0,2433,0,
2522,3,2520,255,2521,1007243,0,2522,128000,2523,15,2616,1026000,2620,384000,2519,0,2521,0,2619,20,2519,50,2520,0,2521,0,
2626,3,2624,255,2625,721537,0,2627,128000,2628,15,2715,1026000,2718,1026000,2623,0,2625,0,2717,50,2622,36,2624,0,2625,0,
2724,3,2722,255,2724,981733,0,2725,128000,2727,15,2818,384000,2824,384000,2721,0,2723,0,2823,20,2721,50,2722,0,2723,0,
2852,3,2847,255,2852,669552,0,2853,128000,2853,15,2917,1026000,2921,1026000,2830,0,2851,0,2920,77,2828,40,2831,0,2852,0,
2967,3,2941,255,2967,1214971,0,2967,128000,2968,17,3018,1512000,3019,1512000,2931,0,2944,0,3019,90,2923,87,2936,0,2946,0,
3024,3,3023,255,3024,2271125,1048817,3025,128000,3025,17,3118,1026000,3120,1026000,3021,1512000,3023,1512000,3120,10,3021,81,3022,42,3024,27,
3126,3,3124,255,3126,941190,0,3126,128000,3127,17,3219,1026000,3221,1026000,3122,1026000,3124,1512000,3221,27,3122,11,3123,27,3125,20,
3227,3,3225,255,3227,952963,0,3228,128000,3229,17,3338,384000,3357,0,3223,1026000,3225,1512000,3356,53,3222,33,3224,10,3227,10,
3372,3,3369,255,3372,675614,0,3379,128000,3380,17,3423,1512000,3433,0,3366,0,3371,0,3432,71,3364,0,3367,0,3371,0,
3436,3,3434,255,3435,1115116,0,3436,128000,3437,17,3523,1512000,3525,1512000,3434,0,3435,0,3524,37,3433,0,3434,0,3435,0,
3527,3,3527,255,3527,1067234,0,3528,128000,3528,17,3623,1512000,3625,1512000,3526,0,3527,0,3625,11,3526,27,3526,0,3527,0,
3630,3,3628,255,3629,855185,0,3630,128000,3631,17,3724,1026000,3727,1026000,3627,0,3629,0,3726,20,3627,22,3628,0,3629,0,
3732,3,3730,255,3732,742430,0,3733,128000,3734,17,3825,1026000,3828,1026000,3729,0,3731,0,3827,28,3729,11,3730,0,3732,0,
3836,3,3834,255,3836,913715,0,3836,128000,3837,17,3929,1026000,3962,486000,3832,0,3835,0,3943,37,3831,50,3833,0,3835,0,
3966,3,3965,255,3966,839984,0,3967,128000,3967,17,4027,1512000,4029,1512000,3964,0,3966,0,4029,100,3963,63,3964,0,3966,0,
4038,3,4036,255,4037,1894909,672601,4039,128000,4039,17,4128,1512000,4129,1512000,4031,0,4036,0,4129,50,4031,85,4033,0,4037,0,
4134,3,4132,255,4133,1751263,528955,4134,128000,4134,17,4228,1512000,4230,1512000,4131,1512000,4132,1512000,4230,10,4130,54,4132,38,4133,22,
4236,3,4234,255,4236,982794,0,4237,128000,4237,17,4329,1026000,4331,1026000,4232,1512000,4235,1026000,4331,11,4232,11,4234,20,4236,20,
4339,3,4336,255,4338,782518,0,4339,128000,4340,17,4430,1026000,4439,1026000,4334,1026000,4336,1026000,4438,60,4333,10,4335,11,4338,10,
4447,3,4445,255,4446,1030334,0,4447,128000,4448,17,4532,1026000,4538,1026000,4444,0,4446,0,4536,41,4442,50,4444,0,4446,0,
4544,3,4542,255,4544,869983,0,4545,128000,4546,17,4632,1026000,4635,1026000,4541,0,4543,0,4634,42,4540,25,4542,0,4544,0,
4643,3,4639,255,4643,1023046,0,4644,128000,4645,17,4732,1026000,4734,1512000,4638,0,4641,0,4733,60,4637,66,4638,0,4642,0,
4738,3,4737,255,4738,1374819,152511,4738,128000,4739,17,4832,1026000,4835,1512000,4736,0,4737,0,4834,54,4735,77,4736,0,4737,0,
4842,3,4840,255,4842,1134063,0,4842,128000,4843,17,4933,1026000,4935,1134000,4836,0,4840,0,4934,36,4836,45,4837,0,4841,0,
4940,3,4938,255,4940,948660,0,4940,128000,4941,17,5033,1026000,5038,1026000,4937,0,4939,0,5038,50,4937,44,4938,0,4939,0,
5046,3,5044,255,5046,1004824,0,5047,128000,5048,21,5134,1026000,5138,1026000,5041,0,5045,0,5137,33,5040,53,5042,0,5046,0,
5144,3,5142,255,5144,956252,0,5145,128000,5146,21,5234,1026000,5238,1026000,5141,0,5143,0,5237,50,5141,50,5142,0,5143,0,
5244,3,5242,255,5243,985407,0,5244,128000,5245,21,5335,594000,5340,594000,5241,0,5243,0,5339,54,5240,41,5242,0,5243,0,
5347,3,5346,255,5347,810244,0,5348,128000,5349,21,5436,918000,5443,1026000,5344,0,5346,0,5442,44,5342,44,5345,0,5347,0,
5448,3,5447,255,5448,923359,0,5449,128000,5450,21,5537,1026000,5544,1026000,5446,0,5447,0,5542,80,5445,37,5446,0,5448,0,
5569,3,5568,255,5569,1142114,0,5571,128000,5572,21,5637,1512000,5638,1512000,5554,0,5568,0,5638,100,5553,54,5554,0,5569,0,
5652,3,5651,255,5651,2126332,904024,5652,128000,5653,21,5737,1512000,5740,1134000,5644,1026000,5651,0,5739,100,5644,62,5649,100,5651,0,
5745,3,5744,255,5745,1658134,435826,5746,128000,5747,21,5838,1512000,5840,1512000,5742,1026000,5745,0,5839,66,5741,40,5744,41,5745,0,
5846,3,5845,255,5846,2062585,840277,5846,128000,5847,21,5939,1512000,5941,1512000,5842,1026000,5845,0,5940,70,5842,100,5844,75,5846,0,
5949,3,5947,255,5949,2227037,1004729,5949,128000,5951,21,6039,1512000,6041,1512000,5945,1512000,5948,0,6041,60,5944,72,5946,88,5948,0,
6049,3,6046,255,6048,2199390,977082,6049,400000,6050,20,6140,1512000,6142,1512000,6044,1512000,6047,1026000,6142,11,6043,63,6046,63,6048,75,
6149,3,6146,255,6149,1822424,600116,6150,400000,6150,20,6240,1512000,6242,1512000,6144,1512000,6147,1026000,6241,50,6144,33,6146,20,6149,41,
6247,3,6245,255,6247,2268111,1045803,6247,400000,6248,20,6341,1134000,6343,1026000,6243,1512000,6246,1512000,6342,45,6243,45,6245,11,6247,45,
6347,3,6346,255,6347,1627948,405640,6348,400000,6348,20,6442,384000,6447,1026000,6344,1026000,6347,0,6446,0,6344,33,6346,22,6347,0,
6468,3,6455,255,6458,1275315,53007,6470,400000,6474,20,6542,918000,6546,1026000,6453,0,6456,0,6545,75,6450,11,6454,0,6458,0,
6552,3,6550,255,6552,1665350,443042,6553,400000,6555,20,6648,918000,6651,1026000,6548,0,6550,0,6651,44,6548,55,6549,0,6551,0,
6657,3,6656,255,6657,1552193,329885,6658,400000,6660,20,6749,486000,6753,1026000,6654,0,6656,0,6753,45,6653,50,6655,0,6657,0,
6760,3,6758,255,6760,1435064,212756,6761,400000,6762,20,6850,1512000,6852,1512000,6757,0,6759,0,6851,100,6756,40,6758,0,6760,0,
6855,3,6854,255,6855,2534882,1312574,6855,400000,6856,20,6950,1512000,6952,1512000,6854,0,6855,0,6952,50,6853,90,6854,0,6855,0,
6957,3,6955,255,6957,2176831,954523,6958,320000,6958,20,7051,1512000,7053,1512000,6954,1512000,6956,1026000,7052,22,6954,66,6955,11,6957,20,
7058,3,7056,255,7058,1480135,257827,7059,200000,7059,10,7152,1026000,7155,486000,7055,1512000,7057,1026000,7155,20,7054,22,7056,18,7058,11,
7162,3,7160,255,7162,800669,0,7163,128000,7163,10,7253,1026000,7256,1026000,7158,1026000,7161,0,7256,33,7157,10,7160,20,7162,0,
7265,3,7264,255,7265,907606,0,7266,128000,7267,10,7354,384000,7360,594000,7260,1026000,7264,0,7359,40,7259,25,7263,30,7265,0,
7374,3,7370,255,7374,682553,0,7375,128000,7377,10,7454,1512000,7456,1026000,7365,486000,7372,0,7456,62,7364,11,7369,36,7374,0,
7462,3,7461,255,7462,1393658,171350,7462,128000,7463,10,7554,1512000,7557,1026000,7459,1026000,7461,0,7556,20,7458,50,7460,55,7462,0,
7562,3,7561,255,7562,836684,0,7563,128000,7563,10,7655,1512000,7657,1512000,7559,1026000,7562,0,7656,30,7559,9,7561,22,7562,0,
7663,3,7661,255,7663,1202529,0,7663,128000,7664,10,7755,1026000,7757,1512000,7659,1512000,7662,0,7757,33,7659,33,7661,27,7662,0,
7760,3,7759,255,7760,843973,0,7761,128000,7762,10,7856,1026000,7859,1512000,7759,0,7760,0,7858,45,7758,20,7759,0,7760,0,
7864,3,7863,255,7864,1024511,0,7865,128000,7866,10,7957,486000,7960,1026000,7863,0,7864,0,7959,30,7862,40,7863,0,7864,0,
7966,3,7965,255,7966,772364,0,7967,128000,7968,10,8057,918000,8063,1026000,7963,0,7965,0,8062,63,7962,41,7964,0,7966,0,
8074,3,8072,255,8074,980277,0,8075,128000,8076,17,8157,1512000,8159,1026000,8070,0,8073,0,8159,70,8069,55,8071,0,8074,0,
8163,3,8162,255,8163,1367025,144717,8164,128000,8165,17,8258,1512000,8260,1512000,8161,0,8162,0,8259,70,8160,71,8161,0,8163,0,
8264,3,8264,255,8264,1559735,337427,8265,128000,8268,17,8358,1512000,8360,1512000,8263,0,8264,0,8360,60,8263,66,8263,0,8264,0,
8363,3,8362,255,8363,1723902,501594,8363,128000,8364,17,8460,1512000,8463,1512000,8361,0,8362,0,8462,100,8361,100,8362,0,8362,0,
8480,3,8465,255,8477,1723902,501594,8481,128000,8486,17,8560,1512000,8564,1512000,8464,0,8476,0,8562,80,8464,60,8464,0,8477,0,
8573,3,8571,255,8573,2230083,1007775,8573,128000,8574,17,8661,1512000,8664,1512000,8567,1512000,8572,0,8663,100,8566,77,8568,77,8572,0,
8673,3,8669,255,8672,2683222,1460914,8674,128000,8675,17,8762,1512000,8764,1512000,8666,1512000,8669,1026000,8763,80,8666,80,8668,100,8671,38,
8770,3,8768,255,8770,2747361,1525053,8771,128000,8771,17,8862,1512000,8864,1512000,8766,1512000,8768,1026000,8863,40,8765,87,8767,100,8770,80,
8870,3,8867,255,8870,2572097,1349789,8871,128000,8873,17,8963,1512000,8965,1512000,8866,1512000,8868,1512000,8965,50,8865,44,8867,100,8869,100,
8977,3,8974,255,8977,2708903,1486595,8978,128000,8978,17,9063,1512000,9067,1512000,8967,1512000,8974,1512000,9064,60,8967,54,8973,100,8977,100,
9088,3,9085,255,9088,2702063,1479755,9089,128000,9090,23,9163,1512000,9166,1512000,9073,1512000,9085,1512000,9166,70,9068,77,9084,100,9088,66,
9174,3,9172,255,9174,2670133,1447825,9175,400000,9175,23,9264,1512000,9266,1512000,9169,1512000,9172,1512000,9265,66,9168,63,9171,100,9174,60,
9272,3,9269,255,9271,3311596,2089288,9272,400000,9273,23,9364,1026000,9366,1512000,9268,1512000,9270,1512000,9366,20,9267,72,9269,100,9271,50,
9372,3,9370,255,9372,2520137,1297829,9372,400000,9373,23,9465,1026000,9467,1512000,9368,1512000,9370,1026000,9467,44,9368,54,9370,81,9372,50,
9476,3,9472,255,9475,2639561,1417253,9476,400000,9477,23,9566,1026000,9568,1026000,9470,1512000,9473,1026000,9567,50,9469,45,9472,100,9475,40,
9575,3,9573,255,9575,2328104,1105796,9576,320000,9577,23,9666,1512000,9668,1512000,9570,1512000,9574,0,9668,100,9569,33,9573,100,9575,0,
9673,3,9672,255,9673,3073108,1850800,9674,200000,9675,23,9766,1512000,9769,1026000,9670,1512000,9673,0,9768,50,9670,100,9672,90,9673,0,
9775,3,9773,255,9775,1914014,691706,9776,128000,9778,23,9867,1512000,9869,1512000,9771,1512000,9774,0,9869,90,9770,50,9773,87,9775,0,
9876,3,9873,255,9875,2624941,1402633,9876,128000,9877,23,9967,1512000,9973,1512000,9871,1512000,9873,1026000,9973,66,9871,90,9873,100,9875,12,
9989,3,9981,255,9988,2491609,1269301,9990,128000,9991,23,10068,1512000,10070,1512000,9976,1512000,9983,1026000,10070,72,9975,70,9980,100,9988,58,
10076,3,10074,255,10076,2574369,1352061,10077,128000,10078,22,10169,1512000,10171,1512000,10072,1512000,10074,1512000,10171,53,10072,54,10074,63,10076,90,
10179,3,10176,255,10179,2288955,1066647,10179,128000,10180,22,10269,1512000,10271,1512000,10174,1026000,10177,1512000,10271,60,10173,50,10176,66,10179,100,
10280,3,10277,255,10280,2766658,1544350,10281,128000,10282,22,10369,1512000,10371,1512000,10274,1512000,10277,1512000,10371,42,10273,60,10276,88,10279,100,
10379,3,10376,255,10378,2151032,928724,10379,128000,10381,22,10470,1512000,10472,1512000,10374,1512000,10376,1512000,10471,60,10373,33,10375,53,10378,90,
10477,3,10475,255,10477,2198914,976606,10477,128000,10478,22,10571,1026000,10574,1026000,10473,1512000,10475,1512000,10573,30,10473,33,10475,60,10476,72,
10586,3,10584,255,10586,929532,0,10586,320000,10587,22,10671,1026000,10674,1026000,10578,1026000,10585,0,10673,66,10577,14,10582,30,10585,0,
10683,3,10681,255,10683,1673539,451231,10684,320000,10685,22,10772,1026000,10775,1026000,10677,1026000,10681,0,10774,70,10676,44,10680,57,10682,0,
10784,3,10783,255,10784,1720916,498608,10785,320000,10786,22,10872,1026000,10875,1026000,10777,1026000,10784,0,10875,40,10776,60,10782,50,10784,0,
10883,3,10881,255,10883,1462167,239859,10883,320000,10884,22,10973,384000,10976,1026000,10878,1026000,10882,0,10975,20,10877,33,10880,36,10882,0,
10983,3,10981,255,10982,1195326,0,10983,320000,10984,22,11073,918000,11077,1026000,10978,1026000,10982,0,11076,50,10978,11,10980,20,10982,0,
11085,3,11083,255,11085,1582490,360182,11086,320000,11087,31,11174,1026000,11177,1026000,11080,1026000,11084,0,11176,33,11079,50,11082,50,11085,0,
11183,3,11181,255,11183,1544107,321799,11184,320000,11185,31,11276,918000,11281,1026000,11179,1026000,11182,0,11280,58,11178,27,11181,11,11183,0,
11288,3,11286,255,11287,1640107,417799,11288,320000,11289,31,11376,1026000,11379,1026000,11283,384000,11287,0,11379,41,11282,40,11285,36,11287,0,
11386,3,11385,255,11386,1697170,474862,11387,320000,11388,31,11477,1026000,11483,384000,11382,1026000,11385,0,11481,20,11381,36,11384,36,11386,0,
11498,3,11496,255,11498,1416597,194289,11500,200000,11501,31,11577,1026000,11581,918000,11491,384000,11497,0,11580,16,11490,45,11495,22,11498,0,
11590,3,11586,255,11589,1081147,0,11591,200000,11595,31,11678,1026000,11683,1026000,11585,0,11587,0,11682,60,11584,44,11586,0,11589,0,
11691,3,11688,255,11690,1398299,175991,11691,128000,11692,31,11778,1512000,11780,1026000,11685,0,11689,0,11780,44,11685,80,11688,0,11690,0,
11783,3,11782,255,11783,1106640,0,11784,128000,11784,31,11878,1512000,11880,1026000,11782,0,11783,0,11880,36,11781,25,11782,0,11783,0,
11884,3,11883,255,11884,1033696,0,11884,128000,11885,31,11980,1512000,11982,1026000,11882,0,11883,0,11982,70,11882,20,11883,0,11883,0,
11986,3,11985,255,11986,1746880,524572,11987,128000,11987,31,12081,1512000,12083,1026000,11984,1512000,11986,0,12083,12,11984,28,11985,66,11986,0,
12087,3,12086,255,12087,1142692,0,12087,128000,12088,13,12182,1026000,12185,1026000,12085,1512000,12086,0,12184,0,12084,18,12086,41,12087,0,
12205,3,12201,255,12204,605140,0,12206,128000,12208,13,12283,918000,12286,918000,12189,1026000,12203,0,12286,62,12188,0,12194,0,12204,0,
12303,3,12294,255,12299,923634,0,12304,128000,12307,13,12383,918000,12387,1026000,12290,0,12295,0,12386,63,12289,42,12293,0,12299,0,
12401,3,12398,255,12401,1024024,0,12402,128000,12402,13,12484,918000,12487,1026000,12391,0,12400,0,12486,63,12389,62,12394,0,12401,0,
12492,3,12491,255,12492,958425,0,12493,128000,12494,13,12593,384000,12621,1026000,12489,0,12491,0,12608,53,12489,44,12490,0,12492,0,
12629,3,12627,255,12629,818938,0,12630,128000,12631,13,12685,918000,12689,1026000,12626,0,12628,0,12688,55,12625,46,12626,0,12629,0,
12695,3,12693,255,12694,999524,0,12695,128000,12696,13,12786,1026000,12790,1026000,12692,0,12694,0,12789,25,12691,62,12693,0,12694,0,
12800,3,12796,255,12799,914909,0,12801,128000,12802,13,12887,1026000,12890,1026000,12794,0,12797,0,12890,60,12793,60,12795,0,12799,0,
12898,3,12896,255,12897,1024240,0,12899,128000,12901,13,12987,1026000,12991,1026000,12895,0,12897,0,12990,25,12893,55,12896,0,12897,0,
12996,3,12994,255,12995,816512,0,12996,128000,12997,13,13092,384000,13097,1026000,12993,0,12995,0,13095,60,12993,33,12994,0,12995,0,
13102,3,13101,255,13102,821390,0,13103,128000,13108,17,13190,1026000,13194,1026000,13100,0,13101,0,13193,40,13099,45,13100,0,13102,0,
13198,3,13197,255,13198,935581,0,13199,128000,13200,17,13297,1026000,13304,384000,13196,0,13197,0,13302,36,13195,44,13197,0,13198,0,
13315,3,13313,255,13315,795489,0,13316,128000,13317,17,13391,918000,13394,1512000,13312,0,13314,0,13393,63,13311,40,13313,0,13314,0,
13399,3,13397,255,13398,1246488,24180,13400,128000,13401,17,13492,918000,13494,1512000,13396,0,13398,0,13493,33,13395,62,13397,0,13398,0,
13497,3,13496,255,13496,956246,0,13497,128000,13497,17,13543,1026000,13545,1512000,13495,0,13496,0,13545,20,13495,33,13495,0,13496,0,
13550,3,13548,255,13550,811787,0,13550,128000,13551,17,13643,1026000,13645,1512000,13547,0,13549,0,13644,44,13547,16,13548,0,13549,0,
13648,3,13647,255,13648,1063419,0,13648,128000,13649,17,13794,1026000,13797,1026000,13646,0,13647,0,13797,47,13646,40,13647,0,13648,0,
13805,3,13802,255,13804,891849,0,13806,128000,13807,17,13845,1026000,13850,1026000,13800,0,13803,0,13848,25,13800,25,13801,0,13804,0,
13856,3,13854,255,13856,902782,0,13857,128000,13858,17,13945,1026000,13947,1512000,13853,0,13855,0,13946,63,13852,50,13853,0,13856,0,
13951,3,13950,255,13951,1460995,238687,13952,128000,13952,17,14045,1512000,14049,1512000,13949,0,13950,0,14047,44,13948,88,13949,0,13951,0,
14054,3,14052,255,14053,1614457,392149,14054,128000,14055,17,14146,1512000,14149,1512000,14051,0,14053,0,14148,60,14051,100,14052,0,14053,0,
14152,3,14151,255,14152,1381887,159579,14153,128000,14153,18,14246,1512000,14248,1512000,14151,0,14152,0,14248,18,14150,50,14151,0,14152,0,
14255,3,14254,255,14255,895464,0,14255,128000,14256,18,14347,1026000,14350,1026000,14253,0,14254,0,14349,50,14251,20,14254,0,14255,0,
14358,3,14357,255,14358,981747,0,14359,128000,14360,18,14447,1026000,14452,1026000,14356,0,14357,0,14451,41,14355,45,14356,0,14358,0,
14460,3,14457,255,14460,865128,0,14461,128000,14463,18,14548,1512000,14551,1026000,14455,0,14457,0,14550,57,14455,22,14456,0,14459,0,
14556,3,14554,255,14556,1255024,32716,14557,128000,14558,18,14648,1512000,14651,1026000,14553,0,14555,0,14651,50,14552,63,14554,0,14556,0,
14656,3,14654,255,14655,1050435,0,14656,128000,14657,18,14749,1134000,14751,1026000,14653,0,14655,0,14751,45,14653,20,14654,0,14655,0,
14755,3,14754,255,14755,948078,0,14756,128000,14756,18,14850,1134000,14852,1026000,14753,0,14754,0,14851,30,14753,33,14753,0,14755,0,
14857,3,14855,255,14857,836608,0,14858,128000,14859,18,14950,1134000,14954,1026000,14854,0,14856,0,14953,16,14853,20,14854,0,14856,0,
14959,3,14957,255,14959,805942,0,14959,128000,14960,18,15053,1026000,15057,918000,14956,0,14958,0,15056,30,14956,28,14957,0,14958,0,
15069,3,15066,255,15068,845925,0,15071,128000,15072,18,15151,1512000,15153,918000,15064,0,15067,0,15153,50,15059,33,15065,0,15068,0,
15157,3,15156,255,15156,1130670,0,15157,128000,15158,16,15252,1512000,15254,1026000,15155,0,15156,0,15254,11,15155,50,15155,0,15156,0,
15258,3,15257,255,15257,738708,0,15258,128000,15259,16,15352,1026000,15361,1026000,15256,0,15257,0,15360,50,15256,11,15256,0,15257,0,
15369,3,15366,255,15369,951368,0,15370,128000,15371,16,15453,1512000,15455,1026000,15364,0,15368,0,15454,62,15364,40,15365,0,15368,0,
15458,3,15457,255,15458,1167738,0,15458,128000,15459,16,15554,594000,15559,486000,15457,0,15458,0,15558,33,15456,33,15457,0,15458,0,
15571,3,15567,255,15570,712108,0,15572,128000,15574,16,15655,1512000,15657,1512000,15564,0,15568,0,15656,81,15562,30,15566,0,15570,0,
15661,3,15660,255,15661,1793066,570758,15662,128000,15663,16,15755,1512000,15757,1512000,15659,0,15660,0,15756,55,15658,90,15659,0,15661,0,
15761,3,15760,255,15760,1605068,382760,15761,128000,15761,16,15855,1512000,15857,1512000,15758,1026000,15760,0,15857,37,15758,72,15759,31,15760,0,
15864,3,15861,255,15863,1532964,310656,15864,128000,15865,16,15956,1134000,15958,1512000,15859,1026000,15863,0,15957,63,15859,72,15861,45,15863,0,
15961,3,15960,255,15961,1795260,572952,15962,128000,15962,16,16056,1512000,16058,1512000,15959,1026000,15961,0,16058,90,15959,100,15960,60,15961,0,
16072,3,16069,255,16070,1781456,559148,16073,128000,16073,16,16157,1512000,16159,1512000,16060,1026000,16069,0,16158,100,16060,50,16062,55,16070,0,
16164,3,16162,255,16164,2449733,1227425,16164,128000,16165,18,16259,1512000,16261,1512000,16161,1512000,16163,1512000,16261,40,16160,72,16162,81,16164,14,
16267,3,16265,255,16266,2028482,806174,16268,128000,16270,18,16360,1512000,16362,1512000,16263,1512000,16265,1026000,16361,100,16262,37,16264,100,16266,50,
16369,3,16367,255,16369,2910765,1688457,16370,128000,16371,18,16461,1512000,16464,1512000,16365,1512000,16367,1026000,16463,90,16364,100,16366,90,16369,80,
16469,3,16467,255,16469,3036475,1814167,16470,128000,16470,18,16562,1512000,16564,1512000,16465,1512000,16467,1512000,16563,100,16465,90,16467,90,16469,81,
16570,3,16567,255,16570,3303246,2080938,16570,128000,16571,18,16662,1512000,16665,1512000,16565,1512000,16567,1512000,16664,66,16565,100,16567,90,16569,100,
16686,3,16675,255,16686,3070676,1848368,16689,128000,16696,18,16763,1512000,16765,1512000,16669,1512000,16679,1512000,16764,100,16666,100,16674,90,16685,100,
16776,3,16770,255,16772,3371649,2149341,16777,128000,16778,18,16863,1512000,16866,1512000,16767,1512000,16770,1512000,16866,100,16766,100,16769,100,16772,100,
16883,3,16872,255,16883,3180121,1957813,16886,128000,16888,18,16965,1512000,16967,1512000,16868,1512000,16875,1512000,16966,90,16868,100,16870,100,16881,72,
16974,3,16972,255,16974,3104877,1882569,16975,200000,16976,18,17065,1512000,17067,1512000,16969,1512000,16972,1512000,17066,90,16968,71,16971,100,16974,100,
17099,3,17091,255,17099,3267200,2044892,17101,200000,17102,24,17166,1512000,17168,1512000,17080,1512000,17091,1512000,17167,80,17079,80,17085,100,17096,100,
17174,3,17171,255,17174,3248336,2026028,17174,200000,17175,24,17266,1512000,17268,1512000,17170,1512000,17172,1512000,17268,66,17169,77,17171,100,17173,100,
17282,3,17279,255,17282,3309899,2087591,17283,200000,17284,24,17366,1512000,17371,1512000,17276,1512000,17280,1512000,17370,70,17275,100,17278,100,17282,100,
17384,3,17376,255,17384,3337260,2114952,17388,128000,17391,24,17468,1512000,17472,1512000,17372,1512000,17378,1512000,17471,90,17372,100,17374,100,17382,100,
17482,3,17477,255,17480,3339719,2117411,17482,128000,17483,24,17569,1512000,17572,1512000,17475,1512000,17478,1512000,17571,72,17474,100,17477,100,17480,100,
17605,3,17585,255,17605,3216594,1994286,17608,128000,17612,24,17669,1512000,17671,1512000,17576,1512000,17588,1512000,17671,87,17575,100,17582,100,17596,100,
17691,3,17683,255,17691,3161871,1939563,17691,128000,17692,24,,,,,17677,1512000,17684,1512000,,,17676,100,17683,77,17690,100,
,,,,,,,,,,,,,,,,,,,,,,,,,,,

System Statistics:
Sensor Id,Name,Type,Average
206,"Battery Status",Battery Status,3.0
331,"Screen Brightness",Brightness,255.0
332,"Battery Power*",Power [uW],496833.4606741573
400,"GPU Frequency",GPU Frequency [KHz],184943.8202247191
401,"GPU Load",GPU Load [%],16.48314606741573
1000,"CPU1 Frequency",CPU Frequency [kHz],1222550.5617977527
1001,"CPU2 Frequency",CPU Frequency [kHz],1213011.2359550563
1002,"CPU3 Frequency",CPU Frequency [kHz],691213.4831460674
1003,"CPU4 Frequency",CPU Frequency [kHz],381337.0786516854
1096,"CPU1 Load",CPU Load [%],54.342696629213485
1097,"CPU2 Load",CPU Load [%],50.73033707865169
1098,"CPU3 Load",CPU Load [%],31.297752808988765
1099,"CPU4 Load",CPU Load [%],17.651685393258425


